22029
22028
22027
22025
22023
22022
22021
22020
22019
22018
22017
22016
22015
22012
22011
22010
22009
22007
22003
22002
22000
21999
21998
21997
21995
21991
21990
21989
21988
21987
21984
21983
21982
21981
21980
21979
21978
21977
21976
21975
21974
21971
21969
21968
21967
21965
21963
21962
21961
21960
21959
21958
21957
21956
21955
21954
21952
21951
21950
21949
21948
21946
21945
21944
21943
21942
21941
21940
21939
21938
21935
21934
21933
21932
21931
21930
21927
21926
21925
21924
21923
21922
21920
21918
21917
21916
21915
21913
21912
21911
21910
21908
21907
21906
21905
21904
21902
21901
21900
21895
21894
21893
21892
21891
21890
21889
21888
21884
21882
21880
21879
21878
21877
21875
21874
21873
21870
21869
21867
21866
21865
21863
21862
21861
21859
21857
21856
21855
21854
21853
21852
21850
21849
21847
21846
21845
21844
21842
21841
21839
21838
21837
21835
21834
21833
21832
21831
21830
21828
21827
21826
21825
21823
21821
21820
21819
21817
21816
21814
21812
21811
21809
21808
21806
21805
21804
21803
21801
21800
21799
21798
21797
21796
21794
21793
21792
21791
21789
21788
21787
21786
21785
21784
21782
21781
21780
21779
21778
21776
21775
21774
21772
21770
21769
21768
21767
21766
21765
21763
21762
21761
21759
21758
21756
21755
21754
21752
21751
21749
21747
21746
21745
21744
21743
21742
21741
21740
21739
21738
21737
21736
21735
21734
21733
21732
21731
21730
21729
21728
21727
21726
21725
21724
21722
21720
21719
21718
21717
21716
21715
21714
21713
21712
21711
21709
21708
21707
21705
21704
21702
21697
21696
21695
21694
21693
21692
21691
21690
21689
21688
21687
21686
21685
21683
21682
21681
21679
21678
21676
21674
21673
21672
21671
21668
21667
21666
21665
21664
21663
21659
21658
21657
21656
21655
21653
21650
21649
21647
21646
21645
21644
21643
21642
21641
21640
21639
21638
21637
21636
21635
21634
21630
21629
21628
21627
21626
21625
21622
21621
21620
21618
21617
21615
21614
21613
21611
21608
21607
21605
21604
21602
21600
21599
21598
21597
21596
21595
21594
21593
21592
21591
21589
21588
21587
21586
21585
21584
21577
21576
21575
21573
21572
21571
21570
21569
21568
21566
21562
21561
21559
21558
21557
21556
21555
21553
21552
21550
21549
21547
21546
21545
21544
21543
21542
21541
21540
21539
21538
21537
21536
21535
21533
21530
21529
21527
21526
21525
21524
21523
21522
21520
21519
21518
21517
21516
21514
21513
21508
21507
21506
21504
21503
21502
21500
21499
21498
21496
21495
21494
21493
21492
21491
21487
21485
21484
21482
21481
21480
21479
21478
21477
21476
21475
21471
21469
21468
21465
21464
21463
21462
21461
21460
21457
21456
21455
21454
21453
21451
21449
21448
21447
21446
21445
21444
21443
21441
21440
21439
21438
21435
21434
21430
21429
21428
21426
21425
21424
21423
21422
21421
21419
21417
21414
21413
21412
21408
21406
21405
21403
21402
21401
21400
21398
21397
21396
21395
21393
21392
21391
21390
21389
21388
21386
21384
21381
21379
21378
21377
21376
21375
21374
21373
21372
21370
21369
21368
21367
21366
21365
21364
21363
21362
21361
21360
21359
21358
21357
21356
21355
21354
21353
21352
21348
21347
21345
21344
21342
21341
21337
21335
21334
21333
21332
21329
21328
21327
21326
21325
21324
21323
21322
21321
21320
21319
21318
21317
21315
21314
21313
21311
21310
21309
21307
21305
21304
21303
21302
21301
21300
21298
21296
21295
21294
21293
21292
21290
21289
21288
21287
21285
21284
21282
21281
21280
21278
21277
21276
21275
21271
21270
21269
21268
21266
21264
21263
21262
21257
21256
21255
21253
21252
21251
21248
21247
21246
21244
21242
21241
21240
21239
21237
21236
21235
21234
21233
21232
21229
21228
21226
21225
21223
21222
21221
21220
21218
21216
21215
21213
21211
21210
21209
21205
21204
21202
21201
21200
21198
21197
21196
21195
21193
21192
21191
21189
21186
21185
21184
21182
21179
21178
21176
21175
21174
21173
21172
21171
21170
21169
21167
21165
21164
21163
21162
21161
21160
21159
21158
21157
21156
21155
21153
21150
21149
21146
21145
21144
21143
21140
21139
21137
21136
21135
21134
21133
21132
21131
21130
21129
21128
21127
21126
21124
21123
21122
21120
21119
21118
21117
21116
21114
21113
21112
21110
21107
21106
21105
21104
21102
21100
21098
21097
21096
21095
21094
21093
21092
21090
21088
21087
21086
21085
21084
21083
21082
21081
21080
21079
21078
21077
21076
21075
21074
21073
21071
21070
21069
21068
21065
21064
21063
21059
21058
21057
21054
21051
21050
21049
21048
21047
21045
21043
21042
21041
21040
21039
21038
21037
21036
21034
21033
21032
21031
21030
21029
21028
21025
21023
21021
21020
21019
21018
21017
21016
21015
21014
21013
21012
21011
21010
21007
21006
21005
21003
21002
20999
20998
20995
20994
20993
20992
20991
20989
20988
20987
20986
20983
20982
20981
20979
20977
20975
20974
20973
20972
20971
20969
20968
20966
20964
20962
20961
20959
20957
20956
20954
20953
20952
20951
20950
20949
20948
20947
20946
20945
20944
20943
20942
20941
20940
20939
20937
20933
20932
20931
20929
20928
20927
20926
20925
20923
20920
20917
20916
20915
20914
20913
20912
20911
20910
20909
20907
20906
20905
20904
20902
20901
20900
20898
20897
20895
20894
20893
20892
20891
20890
20889
20888
20887
20886
20885
20883
20882
20881
20880
20875
20873
20872
20871
20870
20867
20866
20865
20864
20863
20862
20861
20859
20858
20857
20855
20854
20850
20848
20847
20845
20844
20843
20842
20841
20840
20839
20838
20837
20834
20832
20831
20830
20829
20828
20827
20824
20823
20822
20813
20811
20801
19960
10299
10254
10252
7844
7840
7814
7810
7808
7799
7779
7773
7770
7740
7736
7727
7723
7711
7710
7708
7703
7702
7698
7686
7681
7678
7671
7652
7642
7630
7629
7624
7622
7615
7613
7607
7600
7598
7595
7589
7588
7582
7579
7576
7569
7567
7566
7565
7564
7563
7562
7561
7550
7548
7547
7545
7542
7541
7539
7538
7532
7525
7523
7495
6954
6769
6484
6309
5383
5152
5091
5083
4254
4248
4244
4183
4182
4159
4145
4143
4142
4141
4124
4021
4020
4013
3995
3988
3979
3973
3968
3967
3966
3964
3962
3944
3942
3932
3931
3919
3918
3911
3910
3889
3887
3876
3851
3850
3846
3844
3360
3329
3327
3315
3276
3229
3225
3086
3085
3083
3082
3081
3080
3078
3077
3076
3075
3074
3073
3072
3071
3070
3069
3068
3067
3066
3065
3064
3063
3062
3061
3060
3059
3058
3057
3056
3054
3052
3051
3050
3049
3048
3047
3046
3045
3044
3043
3042
3041
3040
3038
3037
3036
3035
3034
3033
3032
3031
3030
3029
3028
3027
3026
3025
3024
3023
3022
3021
3020
3019
3018
3016
3015
3014
3013
3012
3011
3010
3009
3008
3007
3006
3005
3004
3003
3002
3001
3000
2999
2998
2997
2996
2995
2994
2993
2992
2991
2990
2989
2988
2987
2986
2985
2984
2983
2982
2981
2980
2979
2978
2977
2976
2975
2974
2973
2972
2971
2970
2969
2968
2967
2965
2964
2963
2962
2961
2960
2959
2958
2957
2956
2955
2953
2952
2951
2949
2948
2947
2946
2944
2943
2942
2941
2939
2938
2937
2936
2935
2934
2933
2931
2930
2929
2928
2927
2926
2925
2924
2923
2922
2921
2919
2918
2917
2916
2915
2914
2913
2912
2911
2910
2909
2908
2907
2906
2905
2904
2903
2902
2901
2900
2898
2897
2896
2895
2894
2893
2892
2891
2890
2889
2888
2887
2885
2884
2883
2882
2881
2880
2879
2878
2877
2876
2875
2874
2873
2872
2870
2869
2868
2867
2866
2865
2864
2863
2862
2860
2859
2858
2857
2856
2855
2854
2853
2852
2851
2850
2849
2848
2847
2846
2845
2844
2843
2842
2841
2840
2839
2838
2837
2836
2835
2834
2833
2832
2831
2830
2829
2828
2827
2826
2825
2824
2823
2822
2821
2820
2819
2818
2817
2816
2815
2814
2813
2812
2811
2810
2808
2807
2806
2805
2804
2803
2802
2801
2800
2799
2798
2797
2796
2795
2794
2793
2792
2791
2790
2788
2787
2786
2785
2784
2783
2782
2781
2780
2779
2778
2777
2776
2775
2774
2773
2772
2771
2770
2769
2768
2767
2765
2764
2763
2762
2761
2760
2759
2758
2757
2756
2755
2754
2753
2752
2751
2750
2749
2748
2747
2746
2745
2744
2743
2742
2741
2740
2739
2738
2737
2736
2735
2734
2733
2732
2731
2730
2729
2728
2727
2726
2725
2724
2723
2721
2720
2719
2718
2717
2716
2715
2714
2713
2712
2711
2710
2709
2707
2706
2705
2704
2703
2702
2701
2700
2699
2698
2697
2696
2695
2694
2693
2692
2691
2690
2689
2688
2687
2686
2685
2684
2683
2682
2681
2680
2677
2676
2675
2674
2673
2672
2671
2670
2669
2668
2667
2666
2665
2664
2663
2662
2661
2660
2659
2658
2657
2656
2655
2654
2653
2652
2650
2649
2648
2647
2646
2645
2644
2643
2642
2641
2640
2639
2638
2637
2636
2635
2634
2633
2632
2631
2630
2629
2628
2627
2626
2624
2623
2622
2621
2619
2618
2617
2616
2615
2614
2613
2612
2611
2610
2607
2606
2605
2604
2603
2601
2600
2599
2598
2597
2596
2595
2594
2593
2592
2591
2589
2588
2587
2586
2585
2584
2583
2582
2581
2579
2578
2577
2576
2575
2574
2573
2570
2569
2568
2567
2566
2565
2564
2563
2562
2561
2560
2558
2557
2556
2555
2554
2553
2551
2550
2548
2547
2546
2545
2544
2543
2541
2540
2539
2538
2536
2535
2534
2533
2531
2530
2529
2528
2527
2526
2525
2524
2523
2522
2521
2520
2519
2518
2517
2516
2515
2514
2513
2512
2511
2509
2508
2507
2506
2505
2504
2503
2502
2501
2500
2498
2497
2496
2495
2494
2493
2492
2491
2490
2489
2488
2486
2485
2484
2483
2482
2481
2480
2479
2477
2476
2475
2474
2473
2472
2471
2469
2468
2467
2466
2465
2464
2463
2462
2461
2460
2459
2458
2457
2456
2455
2454
2453
2452
2451
2450
2449
2448
2447
2445
2444
2443
2441
2440
2439
2438
2437
2436
2435
2434
2433
2432
2430
2429
2428
2427
2426
2425
2424
2422
2421
2420
2419
2418
2417
2416
2415
2414
2413
2411
2410
2409
2408
2406
2405
2404
2403
2402
2401
2400
2399
2398
2397
2396
2395
2393
2392
2391
2390
2389
2388
2387
2386
2385
2384
2383
2382
2381
2380
2379
2378
2377
2376
2375
2374
2373
2372
2371
2370
2369
2368
2367
2366
2365
2364
2363
2362
2361
2360
2359
2358
2357
2356
2355
2354
2353
2352
2351
2350
2349
2348
2347
2345
2344
2343
2342
2341
2340
2338
2337
2336
2335
2334
2333
2332
2331
2330
2329
2328
2326
2325
2324
2323
2322
2321
2320
2319
2318
2317
2316
2315
2314
2312
2311
2310
2309
2308
2307
2306
2305
2304
2303
2302
2301
2300
2299
2298
2297
2296
2295
2294
2293
2292
2291
2290
2289
2288
2287
2286
2285
2284
2283
2282
2281
2280
2279
2278
2277
2276
2275
2274
2273
2272
2271
2270
2269
2268
2267
2265
2264
2263
2262
2261
2260
2259
2258
2257
2256
2255
2254
2253
2252
2251
2250
2249
2247
2246
2245
2244
2243
2242
2241
2240
2239
2238
2237
2236
2235
2234
2233
2232
2231
2229
2228
2227
2226
2225
2224
2223
2222
2221
2220
2219
2218
2217
2216
2215
2214
2213
2212
2211
2210
2209
2208
2207
2206
2205
2204
2203
2202
2201
2200
2199
2198
2197
2196
2195
2194
2193
2192
2191
2190
2189
2188
2187
2186
2185
2184
2183
2182
2181
2180
2179
2178
2177
2176
2175
2174
2173
2172
2171
2170
2169
2168
2167
2166
2165
2164
2163
2162
2161
2160
2159
2158
2156
2154
2153
2152
2151
2150
2149
2148
2147
2146
2145
2144
2143
2142
2141
2140
2139
2138
2137
2136
2135
2134
2133
2132
2131
2130
2129
2128
2127
2126
2125
2124
2123
2122
2120
2119
2118
2117
2116
2115
2114
2113
2112
2111
2110
2108
2107
2106
2105
2104
2103
2102
2101
2100
2099
2098
2097
2095
2094
2093
2092
2091
2090
2089
2088
2087
2086
2085
2084
2083
2082
2081
2080
2079
2078
2077
2076
2075
2074
2073
2072
2071
2070
2069
2068
2067
2066
2065
2064
2062
2061
2060
2059
2058
2056
2055
2054
2053
2052
2051
2050
2049
2048
2047
2046
2045
2044
2043
2042
2041
2040
2039
2038
2037
2036
2035
2034
2032
2031
2030
2029
2028
2027
2026
2025
2024
2023
2022
2021
2020
2019
2018
2017
2016
2015
2014
2013
2012
2011
2010
2009
2008
2007
2006
2005
2004
2003
2002
2001
1999
1998
1997
1995
1994
1992
1990
1989
1988
1987
1986
1985
1984
1982
1981
1979
1978
1977
1976
1975
1974
1973
1972
1971
1970
1969
1968
1967
1966
1965
1964
1963
1962
1961
1960
1959
1958
1957
1956
1955
1954
1953
1952
1951
1950
1949
1948
1947
1945
1944
1943
1942
1941
1940
1939
1938
1936
1935
1934
1933
1932
1931
1930
1929
1928
1927
1926
1925
1924
1923
1922
1921
1920
1919
1918
1917
1916
1915
1914
1913
1912
1911
1910
1909
1908
1907
1906
1903
1902
1901
1900
1898
1897
1895
1894
1893
1891
1890
1889
1888
1838
1837
1822
1821
1820
1806
1711
1707
1704
1703
1702
1701
1699
1695
1694
1693
1692
1691
1690
1689
1688
1687
1686
1685
1683
1682
1681
1679
1676
1675
1674
1673
1672
1671
1670
1669
1668
1667
1666
1665
1663
1662
1661
1660
1659
1658
1657
1656
1655
1653
1652
1651
1650
1649
1648
1647
1645
1644
1643
1642
1641
1640
1639
1637
1636
1635
1634
1631
1630
1629
1628
1627
1626
1625
1623
1622
1621
1620
1619
1618
1616
1615
1614
1613
1612
1607
1606
1605
1604
1603
1602
1601
1600
1598
1596
1595
1593
1592
1591
1590
1589
1588
1587
1586
1584
1583
1582
1581
1580
1579
1578
1577
1576
1575
1572
1570
1569
1568
1567
1566
1564
1563
1562
1561
1559
1556
1554
1553
1552
1551
1549
1548
1547
1546
1545
1544
1543
1542
1541
1540
1539
1538
1535
1534
1533
1532
1531
1530
1529
1528
1527
1526
1525
1524
1523
1520
1519
1516
1515
1514
1513
1512
1510
1509
1508
1507
1506
1505
1504
1503
1502
1500
1499
1498
1497
1496
1494
1493
1492
1491
1485
1428
1421
1407
1373
1342
1341
1340
1339
1338
1337
1336
1335
1334
1332
1331
1329
1327
1326
1324
1321
1320
1319
1318
1316
1314
1313
1312
1311
1310
1309
1308
1307
1306
1305
1304
1302
1301
1299
1230
1226
1221
1220
1204
1203
1202
1161
1160
1159
1157
1156
1155
1154
1153
1152
1151
1150
1149
1147
1146
1145
1144
1143
1142
1138
1137
1134
1132
1131
1130
1129
1127
1126
1120
1119
1118
1116
1112
1109
1104
1103
1102
1099
1098
1096
1091
1086
1085
1084
1080
1078
1077
1076
1075
1072
1068
1067
1066
1065
1064
1063
1062
1061
1060
1059
1057
1056
1051
1049
1047
1045
1042
1041
1039
1036
1034
1033
1032
1031
1029
1028
1027
1026
1025
1023
1020
1019
1018
1017
1015
1014
1013
1012
1009
1004
999
998
997
994
993
991
990
989
988
987
983
982
980
978
976
974
972
971
968
967
965
964
962
955
954
953
952
950
946
942
939
938
934
932
931
930
928
927
926
925
924
923
922
917
916
915
914
913
912
911
910
908
906
904
903
902
901
900
899
898
896
890
889
886
885
884
883
882
881
880
879
878
877
876
875
874
873
870
867
865
747
746
744
689
686
677
661
659
656
655
653
630
629
620
618
617
611
599
594
590
588
581
576
546
543
538
535
530
525
520
519
516
505
504
503
498
493
480
473
471
467
466
465
463
450
445
442
435
432
430
429
424
418
417
416
414
413
405
402
401
399
397
395
394
389
382
373
372
371
369
368
367
365
356
349
342
341
339
337
314
312
311
309
298
296
295
291
289
284
283
280
279
259
249
241
240
234
232
229
226
225
224
212
210
208
204
199
198
197
195
190
188
187
185
184
182
180
177
175
173
171
162
161
156
155
153
145
142
141
133
130
127
126
125
123
117
112
98
97
59
58
55
54
51
49
21
18
